100
616 91
728 33
320 75
13 37
1000 5
551 71
522 40
3 10
2 99
642 34
355 11
950 95
1000 1
582 60
793 69
120 75
958 86
387 98
109 76
665 37
2 5
758 81
440 28
537 11
509 10
2 4
462 18
918 38
659 89
635 54
1000 96
2 1
67 45
451 5
132 90
837 81
1000 97
906 56
246 78
2 98
583 72
1000 98
555 27
865 5
823 3
2 50
2 97
398 61
875 93
319 10
950 71
1000 95
755 11
30 46
808 71
397 40
1000 4
712 1
95 37
1000 3
924 39
656 95
801 16
921 39
1000 99
2 36
807 16
2 96
824 54
413 35
2 3
289 48
748 77
500 44
81 39
289 65
838 46
424 35
970 99
312 23
373 46
592 91
508 54
226 22
494 92
169 55
428 98
177 61
871 75
29 97
2 2
270 26
758 85
285 29
2 95
295 30
254 30
1000 2
915 30
61 39
